similarity.txt

  (0, 124)	0.265931337587
  (0, 134)	0.223478542287
  (0, 56)	0.176517850035
  (0, 28)	0.265931337587
  (0, 11)	0.265931337587
  (0, 7)	0.265931337587
  (0, 15)	0.265931337587
  (0, 125)	0.321532402131
  (0, 140)	0.265931337587
  (0, 95)	0.265931337587
  (0, 17)	0.265931337587
  (0, 78)	0.265931337587
  (0, 81)	0.196420963302
  (0, 131)	0.196420963302
  (0, 118)	0.176517850035
  (0, 96)	0.265931337587
  (2, 118)	0.211553890935
  (2, 113)	0.159357280799
  (2, 63)	0.117703730925
  (2, 150)	0.159357280799
  (2, 92)	0.159357280799
  (2, 120)	0.211553890935
  (2, 98)	0.318714561599
  (2, 13)	0.159357280799
  (2, 31)	0.318714561599
  :	:
  (44, 93)	0.106941079623
  (44, 20)	0.38176798617
  (44, 33)	0.12725599539
  (44, 85)	0.12725599539
  (44, 145)	0.12725599539
  (44, 21)	0.12725599539
  (44, 76)	0.25451199078
  (44, 6)	0.12725599539
  (44, 143)	0.25451199078
  (44, 115)	0.25451199078
  (44, 74)	0.25451199078
  (44, 129)	0.12725599539
  (44, 139)	0.25451199078
  (44, 75)	0.25451199078
  (44, 22)	0.25451199078
  (44, 112)	0.12725599539
  (44, 86)	0.12725599539
  (44, 149)	0.12725599539
  (44, 1)	0.12725599539
  (44, 32)	0.12725599539
  (44, 69)	0.12725599539
  (44, 0)	0.12725599539
  (44, 40)	0.12725599539
  (44, 132)	0.12725599539
  (44, 144)	0.12725599539
  (2, 151)	0.246547323062
  (2, 328)	0.246547323062
  (2, 225)	0.219541635211
  (2, 81)	0.246547323062
  (2, 233)	0.246547323062
  (2, 270)	0.246547323062
  (2, 4)	0.246547323062
  (2, 166)	0.219541635211
  (2, 8)	0.246547323062
  (2, 167)	0.40350688674
  (2, 131)	0.322923159585
  (2, 253)	0.219541635211
  (2, 38)	0.177858461213
  (2, 327)	0.148964474606
  (2, 238)	0.219541635211
  (2, 106)	0.246547323062
  (3, 167)	0.329665108083
  (3, 131)	0.263828206669
  (3, 253)	0.35873101193
  (3, 38)	0.290620709415
  (3, 327)	0.243407937933
  (3, 238)	0.35873101193
  (3, 107)	0.402858303419
  (3, 40)	0.253016081678
  (3, 50)	0.263828206669
  :	:
  (112, 278)	0.189356859285
  (112, 120)	0.21113550128
  (112, 152)	0.245947393314
  (114, 265)	0.105717084442
  (114, 122)	0.161357961593
  (114, 226)	0.188346318506
  (114, 48)	0.20162396781
  (114, 31)	0.177744320291
  (114, 231)	0.20162396781
  (114, 287)	0.317151253326
  (114, 156)	0.148868876442
  (114, 286)	0.148868876442
  (114, 314)	0.20162396781
  (114, 311)	0.20162396781
  (114, 120)	0.188346318506
  (114, 310)	0.177744320291
  (114, 47)	0.188346318506
  (114, 229)	0.246389100966
  (114, 117)	0.246389100966
  (114, 294)	0.246389100966
  (114, 133)	0.246389100966
  (114, 70)	0.246389100966
  (114, 237)	0.246389100966
  (114, 77)	0.246389100966
  (114, 298)	0.246389100966